,centro,2017,2018,2019,media
0,CCM,3.74,3.11,2.23,2.977707006369427
1,CCEN,1.93,3.77,1.82,2.5636363636363635
2,CCHLA,2.78,3.14,1.33,2.407608695652174
3,CT,2.26,2.13,2.38,2.2463235294117645
4,CCTA,2.29,2.53,1.88,2.2232704402515724
5,CCJ,2.80,1.59,1.82,2.053763440860215
6,CCS,2.19,2.09,1.65,1.9635210150674067
7,CCAE,2.02,2.38,1.33,1.9113924050632911
8,CCA,1.89,2.07,1.64,1.8656387665198237
9,CBIOTEC,2.33,2.20,1.14,1.85
10,CCSA,1.95,1.78,1.69,1.8326693227091633
11,CE,1.67,2.50,1.38,1.7421875
12,CI,1.65,1.67,1.31,1.5425531914893618
13,CCHSA,1.77,1.76,0.58,1.3565459610027855
14,CEAR,1.22,0.83,0.67,0.888
15,CTDR,0.87,0.76,0.52,0.7362637362637363
